53 74
50 73
63 107
43 83
83 110
86 109
63 105
15 26
89 96
64 97
3 26
40 51
69 88
14 23
91 106
77 123
72 102
97 122
90 123
20 32
46 95
77 78
59 75
16 26
83 109
93 137
77 93
93 143
94 105
18 42
33 73
53 86
61 75
0 17
28 58
52 79
19 24
17 62
60 73
89 103
25 67
44 75
22 47
61 102
70 81
8 26
56 62
56 61
8 46
81 131
73 107
10 34
34 59
0 28
33 66
50 76
34 74
48 65
56 106
3 30
52 62
84 123
29 79
17 46
91 123
62 93
93 142
13 31
32 48
17 24
74 105
38 66
6 56
19 33
81 82
66 89
45 56
41 61
70 82
66 114
84 132
79 105
13 42
33 46
57 75
93 114
17 49
98 139
25 51
89 138
49 80
2 40
71 96
35 72
48 65
36 84
11 15
74 84
73 95
94 101
