897 912
274 609
345 639
429 530
49 208
321 441
795 936
748 837
167 479
673 714
743 1013
744 1160
853 1099
947 1087
716 1031
424 810
288 659
1 180
448 781
716 892
273 427
268 494
258 537
983 1425
74 119
841 1158
119 591
303 549
673 902
728 824
424 716
442 536
966 1408
506 860
40 488
234 356
925 1187
320 643
514 937
992 1185
168 411
956 1118
1 122
637 764
911 1148
639 1001
288 384
127 475
87 524
484 975
347 428
394 878
689 690
357 578
561 940
978 1109
947 1181
71 114
638 819
674 713
10 486
627 989
65 222
143 211
765 937
272 506
896 1380
646 956
302 548
624 721
849 870
600 673
871 1262
893 908
716 1035
158 239
619 1038
619 694
469 663
374 809
246 669
975 1064
956 987
229 587
412 892
791 1174
323 588
789 1178
97 346
40 428
243 282
518 936
653 709
622 972
781 933
538 846
374 801
439 925
934 1063
257 646
816 1168
107 547
90 218
769 974
158 454
835 850
734 944
883 1016
534 607
539 912
307 757
427 837
125 244
263 464
796 956
585 850
289 641
934 1364
914 1287
307 711
561 947
593 975
965 1460
213 501
833 990
69 332
928 954
49 487
878 1312
105 386
215 415
346 809
773 777
10 228
720 901
159 588
760 893
929 1240
324 683
164 446
664 967
408 428
196 436
816 880
347 842
500 682
639 1092
667 952
857 963
687 1022
48 497
80 476
911 1286
327 752
94 509
856 1153
765 1029
5 263
534 703
57 171
280 616
334 647
145 223
384 712
200 425
730 898
415 624
107 345
64 205
694 1184
671 1146
249 741
69 379
184 339
207 580
560 812
603 773
145 595
455 940
814 1256
255 471
763 881
8 463
852 1061
312 495
17 136
237 582
919 1172
621 711
430 463
657 1089
252 621
460 858
242 347
588 626
528 764
212 489
592 601
102 229
555 954
750 809
451 841
313 665
294 478
575 710
55 320
344 830
960 994
298 738
976 1307
2 16
613 717
773 776
176 473
981 1396
594 797
322 800
28 150
868 1051
167 328
319 437
452 858
780 1247
63 249
613 1078
464 511
130 513
640 1066
172 351
695 775
677 907
815 969
733 763
916 1127
503 713
184 630
223 698
596 798
382 699
669 738
602 788
413 851
703 1197
775 810
755 1098
581 872
113 365
945 1294
78 191
942 1135
483 487
520 972
340 437
617 971
114 561
27 432
993 1127
892 1199
860 1059
264 488
258 667
676 892
441 465
525 881
463 860
586 794
773 947
831 1142
338 404
988 1373
634 895
394 484
557 1009
19 346
901 1074
690 861
349 673
581 1043
406 516
11 109
311 734
23 159
576 826
703 789
554 911
548 696
729 735
0 333
644 697
532 609
163 527
687 989
25 28
511 852
441 530
70 520
193 462
491 907
911 1039
895 1103
255 743
888 977
279 766
363 603
765 1065
272 333
896 1172
201 265
659 750
173 439
853 923
184 263
193 227
612 812
698 937
213 538
130 199
621 728
974 1291
732 1044
453 815
700 907
624 757
829 884
284 464
960 1071
792 1203
719 1158
379 460
605 838
247 731
596 1061
236 457
220 298
611 980
993 1255
759 1181
981 1432
320 330
463 510
565 1035
154 589
947 1346
499 863
410 551
875 1364
858 859
541 567
845 865
231 698
708 723
51 99
526 849
314 516
20 25
749 1163
765 896
368 491
871 1096
137 380
598 919
850 967
1 344
853 950
563 615
608 1037
994 1180
996 1213
83 276
694 928
135 389
385 458
841 1215
104 522
789 1141
429 636
982 1268
189 363
302 589
35 37
622 786
978 983
434 762
575 848
964 1362
864 907
402 841
41 506
610 868
987 1482
193 356
681 998
122 471
530 625
453 745
263 345
222 402
627 671
816 1057
894 1239
751 1232
608 781
482 839
681 769
436 850
444 593
978 1068
193 586
738 856
121 304
953 957
890 1055
170 516
244 714
946 1278
44 218
974 1104
984 1316
749 891
32 156
566 765
543 950
355 716
10 120
270 567
899 1054
21 30
47 496
45 344
450 819
54 379
515 990
530 648
983 1138
56 541
153 301
598 831
590 736
80 346
962 1128
161 165
302 325
264 753
681 902
823 974
442 702
504 891
255 266
814 1033
95 392
205 370
816 1166
787 899
535 737
81 314
329 694
261 319
544 893
122 603
315 381
258 360
312 755
297 369
280 780
369 561
709 1063
875 1085
779 1151
97 279
175 320
248 394
45 516
517 822
696 967
426 676
115 198
665 870
285 450
766 1089
566 727
796 798
315 571
164 329
471 621
199 512
399 560
15 499
688 811
826 1114
262 336
751 974
863 1198
43 508
248 266
117 403
920 1001
739 1009
737 837
382 670
631 938
875 903
640 697
622 705
178 618
992 1191
20 64
342 457
318 573
651 1017
335 381
670 1065
235 508
654 727
892 1179
385 787
178 273
714 955
174 592
347 593
18 291
933 1360
154 419
925 1013
523 792
328 617
199 462
0 191
434 560
528 914
268 737
668 986
380 876
389 667
564 620
444 793
837 1019
995 1356
907 1267
136 376
973 1321
633 835
720 980
522 912
767 801
134 478
506 848
467 767
257 463
560 716
83 129
144 335
131 472
469 935
864 1036
501 592
275 769
166 617
837 1190
984 1432
136 434
861 1079
718 831
89 581
723 1026
125 227
62 473
557 907
633 1069
245 704
314 549
757 1184
95 501
354 714
326 709
741 758
530 962
956 1448
868 914
504 661
297 392
684 1154
887 1253
660 1101
286 740
731 788
587 918
111 112
176 406
907 1037
547 629
453 565
274 720
246 464
254 373
584 638
460 560
12 153
916 1327
149 524
300 512
982 1187
656 1067
40 449
650 1084
579 1004
759 1045
408 625
950 982
343 803
121 503
618 934
195 691
563 822
772 1068
405 487
373 743
557 1037
724 958
454 487
274 512
630 737
885 1105
47 314
483 568
754 1244
28 216
346 411
228 389
300 758
476 923
99 461
859 929
149 448
167 652
295 606
353 468
721 1100
727 892
512 1006
506 730
549 563
891 1167
119 206
494 849
407 549
303 583
490 657
826 1124
540 1039
26 325
93 349
558 690
686 993
875 1135
523 799
169 180
806 969
415 457
69 273
987 1413
317 733
549 759
229 520
888 895
597 714
279 669
631 666
987 1242
391 675
320 354
480 781
993 1381
972 1225
528 803
940 1226
739 850
81 125
409 552
8 312
631 755
929 992
223 341
197 627
212 224
824 1030
688 713
586 993
480 565
704 705
636 1028
693 719
65 360
359 817
887 1295
90 113
933 1356
530 904
741 897
964 1233
224 527
888 1342
681 1100
126 312
128 498
88 394
158 400
52 551
248 298
494 669
755 843
690 1152
576 1037
37 181
322 679
454 883
154 651
862 1084
775 1266
967 1423
236 659
226 557
113 336
498 883
667 802
336 779
5 463
590 896
224 410
148 503
550 1004
502 547
28 279
120 211
560 973
664 971
315 522
779 1249
623 809
138 153
432 581
340 435
926 961
430 843
707 1146
489 537
909 1241
938 1182
708 773
684 793
952 958
953 961
501 621
409 605
959 969
34 114
976 1448
433 476
292 434
706 1151
261 451
280 642
27 231
501 775
781 1268
457 744
834 1094
425 471
743 1239
986 1378
311 776
565 845
75 269
860 1101
102 348
958 1116
552 652
273 725
986 1350
250 353
89 518
795 1022
259 528
485 847
627 727
909 1003
214 475
59 216
433 437
744 1122
675 791
892 1020
468 877
188 650
205 437
96 309
525 976
265 701
709 810
389 660
958 1283
411 587
255 718
264 519
99 134
831 851
399 418
461 560
984 1403
841 897
355 395
398 422
330 660
139 635
372 666
542 976
478 905
46 512
674 1084
674 942
199 267
429 601
770 1002
918 1298
131 322
814 1176
841 960
29 422
225 702
357 708
623 1084
587 885
43 77
235 401
213 449
565 696
870 1158
180 493
469 802
394 771
362 692
190 670
421 921
934 1298
816 1013
795 1108
262 399
15 99
845 1090
327 597
94 331
436 504
557 720
690 868
319 808
630 1084
90 273
245 407
888 1094
79 470
769 908
730 781
185 442
960 1439
887 978
340 719
748 1045
770 1144
751 1155
861 1297
760 1008
31 267
368 811
539 542
518 760
757 843
309 577
579 1041
221 400
23 196
53 412
372 625
977 1250
915 1403
666 779
55 282
515 617
804 1203
385 845
280 639
434 824
804 1149
213 587
769 939
132 379
42 201
435 726
66 406
411 628
753 1240
411 711
456 527
674 712
178 294
566 1013
627 738
984 1384
206 623
17 136
399 580
618 858
922 1282
950 1353
752 759
286 378
135 413
561 927
36 236
670 923
761 764
558 908
211 688
486 937
795 1088
223 448
820 860
405 635
128 464
19 176
344 415
832 1279
617 1115
459 803
101 283
134 249
983 1461
589 807
558 852
204 497
54 164
34 234
245 707
339 716
168 446
243 603
391 583
335 551
694 774
67 443
742 1203
187 433
573 1026
799 877
562 567
237 504
382 581
650 1029
937 1020
679 1159
360 506
81 481
54 217
509 524
630 745
34 421
729 1025
855 1193
321 412
483 529
280 626
934 1418
399 721
375 492
811 1038
226 380
706 803
455 928
10 171
777 1080
438 669
239 639
808 1020
818 912
50 361
782 1261
525 584
601 1088
374 510
708 980
719 772
261 520
307 338
738 1186
290 675
769 850
222 427
471 714
415 864
639 851
357 611
490 892
